
			      		16	21	11	8	12		
											
											    
		16	21	11		  			            		8	12	
		    
											
	16	21	  		1		  		           	8		    	12
											
											
	16	  	21	  		1				              8	12	
											
											
	16	21		     	1			        		      8	12	
											
											
	    	1	16	21					                8	12		
											
											
											
	        			1	8	12	16	21
                
         
         
         
         -------BIG O GÖSTERİMİ-------
                
                
                
                O(nLog n )
